1000 509
0 305
1 332
1 505
2 207
3 321
4 855
5 426
8 657
9 336
10 525
11 521
11 804
11 900
12 244
12 267
14 125
14 563
14 868
15 96
15 975
16 160
18 785
18 866
19 294
20 59
20 911
21 860
22 476
22 557
24 444
24 876
24 969
25 104
25 701
26 354
26 923
27 180
27 395
27 443
31 129
31 675
33 214
34 322
35 520
36 276
37 316
37 613
39 216
39 784
44 635
44 644
44 676
46 885
46 912
47 177
48 674
49 781
51 191
53 977
56 809
58 819
58 869
59 891
62 155
62 406
62 550
63 90
65 118
65 451
65 664
65 798
66 909
69 825
70 308
70 410
70 727
70 759
71 199
71 975
73 934
74 653
74 676
74 767
75 570
77 431
77 468
78 431
78 466
79 632
80 357
81 573
82 290
82 309
82 539
84 928
85 175
86 796
88 161
88 707
89 313
89 350
89 526
90 396
90 939
91 860
92 511
93 328
95 120
96 594
97 336
97 741
98 633
98 805
101 230
101 267
103 304
104 160
104 842
105 349
105 768
106 923
108 585
109 727
109 891
110 765
112 949
115 847
116 809
117 268
117 455
120 806
120 996
122 315
123 343
123 791
124 333
124 580
124 710
128 651
128 974
131 414
131 447
132 416
132 748
133 147
138 221
138 302
138 575
139 245
139 705
142 521
143 362
144 560
148 183
148 972
149 703
150 395
151 416
151 852
154 264
154 634
155 880
156 432
157 693
157 717
158 287
158 577
159 525
159 636
161 681
161 840
162 937
163 380
163 413
163 557
163 758
164 521
165 866
167 590
169 554
169 973
171 192
174 251
174 391
174 687
177 810
178 217
178 429
179 474
179 858
183 225
184 389
184 799
185 433
187 406
188 531
190 364
190 996
191 478
191 552
192 519
199 681
199 852
200 442
200 847
203 994
205 280
205 975
208 648
211 622
212 827
214 618
214 755
217 642
218 932
219 292
219 866
221 254
221 676
221 946
222 964
223 450
223 557
223 800
224 815
229 349
231 362
231 393
232 661
232 720
236 688
238 988
240 598
240 926
242 406
242 767
244 707
246 904
247 520
248 360
249 595
251 413
252 763
254 846
255 997
256 310
256 432
256 734
256 786
257 908
258 528
258 612
259 488
260 403
265 330
266 661
268 390
272 342
273 383
274 953
277 326
278 543
278 990
284 952
286 326
287 869
291 549
291 582
293 881
294 352
295 878
298 660
298 685
301 911
302 553
303 654
303 978
304 396
306 482
308 408
309 683
310 864
311 662
311 947
314 695
316 942
317 747
318 558
318 861
318 880
323 606
323 889
327 452
327 551
327 556
329 726
330 554
331 395
334 559
336 841
337 552
338 758
339 688
341 702
341 719
343 359
343 754
345 462
345 759
348 391
348 840
349 904
350 778
352 893
353 535
355 744
360 851
364 839
368 572
369 821
370 674
376 586
377 636
380 805
381 399
381 516
382 403
384 979
390 868
392 717
393 568
395 582
395 934
396 435
397 763
398 546
400 566
400 586
403 880
405 497
407 552
413 561
414 790
415 584
417 972
418 637
418 667
418 875
422 708
425 745
426 974
431 535
435 526
436 563
436 704
437 977
437 985
441 850
441 866
442 684
442 855
444 754
444 884
445 694
445 800
448 495
450 820
452 800
452 911
455 544
456 722
457 494
457 535
458 962
459 955
464 496
469 906
472 832
475 641
476 746
476 961
477 533
477 559
478 518
479 555
482 943
484 523
484 589
484 708
484 860
485 836
485 902
486 648
486 695
487 920
487 974
488 987
489 614
490 604
490 694
491 621
492 614
494 652
497 731
499 667
500 708
504 656
507 526
511 815
515 544
516 979
517 587
522 876
523 555
524 930
529 640
531 739
531 780
535 899
539 573
543 601
543 695
544 562
544 618
552 655
561 806
564 567
565 778
565 795
566 580
571 918
572 745
575 736
576 613
577 671
577 713
583 664
585 860
586 620
588 922
594 724
595 921
600 676
607 900
610 613
613 789
619 648
628 758
629 754
630 947
632 683
642 922
646 966
648 987
650 799
653 837
668 725
672 852
675 764
675 850
678 862
680 993
681 750
682 966
685 927
686 806
694 742
696 844
696 972
706 813
706 965
710 765
711 759
718 741
730 791
732 975
739 832
739 845
739 908
739 949
743 923
744 944
745 802
753 903
755 783
761 921
765 981
767 911
768 928
773 808
775 922
783 907
786 821
800 981
803 933
804 972
807 859
807 884
807 909
829 962
830 962
842 952
848 893
884 997
885 945
899 917
912 946
912 975
973 994
