1000 4964
0 444
0 512
0 644
0 777
0 814
0 837
0 981
0 989
1 198
1 252
1 305
1 500
1 694
1 852
1 853
1 873
2 63
2 199
2 202
2 234
2 298
2 534
2 593
2 657
2 725
2 859
2 994
3 165
3 498
3 562
3 596
3 709
3 785
3 830
3 873
4 239
4 308
4 320
4 394
4 405
4 433
4 517
4 615
4 643
4 746
4 773
4 844
4 860
4 894
4 916
4 950
4 963
5 82
5 168
5 277
5 440
5 561
5 886
6 21
6 283
6 455
6 479
6 557
6 692
7 89
7 146
7 174
7 342
7 390
7 647
7 680
7 805
7 840
7 885
7 895
7 965
8 45
8 56
8 129
8 299
8 342
8 443
8 515
8 570
8 586
9 114
9 129
9 362
9 435
9 463
9 505
9 536
9 549
9 626
9 805
10 173
10 224
10 390
10 459
10 474
10 483
10 566
10 949
10 967
11 78
11 118
11 260
11 261
11 286
11 331
11 355
11 395
11 504
11 707
11 770
11 780
11 869
11 914
11 943
12 101
12 226
12 266
12 471
12 505
12 522
12 726
12 786
12 803
12 863
12 872
13 235
13 310
13 373
13 462
13 501
13 684
13 812
14 224
14 231
14 443
14 447
14 479
14 565
14 881
14 913
14 976
15 34
15 35
15 243
15 350
15 527
16 18
16 49
16 85
16 182
16 238
16 243
16 259
16 272
16 293
16 418
16 480
16 688
17 155
17 234
17 304
17 376
17 422
17 472
17 731
17 822
17 860
18 21
18 611
18 684
18 766
18 801
19 76
19 255
19 358
19 688
19 953
20 25
20 38
20 205
20 305
20 374
20 749
20 841
20 972
21 216
21 245
21 341
21 394
21 593
21 666
21 846
21 908
22 35
22 115
22 278
22 323
22 465
22 509
22 560
22 853
22 892
22 903
22 984
23 158
23 184
23 230
23 326
23 443
23 633
23 636
23 719
23 744
23 745
23 925
24 49
24 228
24 298
24 348
24 675
24 706
24 728
24 974
25 42
25 283
25 334
25 588
25 686
25 869
26 48
26 178
26 247
26 322
26 328
26 358
26 382
26 391
26 503
26 548
26 576
26 692
26 752
27 408
27 547
27 605
27 630
27 657
27 712
27 825
28 47
28 92
28 403
28 547
28 566
28 598
28 635
28 757
28 778
28 983
29 107
29 333
29 338
29 416
29 484
29 666
29 832
29 865
30 51
30 270
30 471
30 573
30 599
30 662
30 800
30 856
30 870
30 902
30 983
31 80
31 429
31 558
31 680
31 874
31 970
32 45
32 58
32 76
32 293
32 439
32 535
32 675
32 700
32 769
32 966
33 127
33 182
33 186
33 222
33 234
33 671
33 715
33 730
33 753
33 780
33 792
33 932
34 201
34 211
34 266
34 316
34 330
34 438
34 508
34 679
34 957
34 959
35 117
35 240
35 245
35 525
35 590
35 729
35 758
35 954
36 127
36 188
36 307
36 340
36 440
36 448
36 969
36 988
37 203
37 280
37 344
37 349
37 472
37 691
37 776
37 974
38 74
38 151
38 295
38 316
38 412
38 441
38 857
39 68
39 232
39 242
39 283
39 632
39 639
39 717
39 754
39 808
39 825
39 881
39 910
39 928
39 954
39 968
40 115
40 172
40 280
40 617
40 723
40 784
40 800
40 835
40 905
41 159
41 166
41 340
41 372
41 509
41 541
41 598
41 618
41 698
42 189
42 237
42 304
42 745
42 822
42 957
43 281
43 369
43 370
43 392
43 394
43 466
43 468
43 470
43 748
43 754
43 782
43 833
43 861
43 916
43 960
44 50
44 343
44 374
44 378
44 408
44 615
44 664
44 784
44 835
44 912
44 920
45 47
45 165
45 172
45 260
45 374
45 483
45 570
45 589
45 760
45 813
45 895
45 940
45 954
46 157
46 207
46 248
46 425
46 649
46 662
46 816
46 826
46 833
47 240
47 246
47 286
47 397
47 408
47 445
47 544
47 896
48 135
48 317
48 388
48 661
48 769
48 894
48 948
49 87
49 189
49 237
49 240
49 246
49 350
49 555
49 576
49 747
49 773
49 896
49 934
50 54
50 162
50 204
50 233
50 280
50 429
50 594
50 613
50 620
50 644
50 657
50 756
50 787
50 928
50 967
51 75
51 183
51 197
51 204
51 303
51 527
51 546
51 604
51 745
51 831
51 886
51 905
52 65
52 133
52 201
52 207
52 293
52 303
52 537
52 546
52 572
52 588
52 614
52 666
52 724
52 732
52 852
52 900
53 235
53 301
53 321
53 667
53 868
53 884
53 914
54 67
54 170
54 261
54 364
54 407
54 428
54 510
54 520
54 529
54 778
54 966
54 998
55 90
55 399
55 414
55 657
55 703
55 718
55 743
56 61
56 174
56 206
56 491
56 498
56 502
56 781
56 863
56 889
56 907
57 204
57 230
57 253
57 280
57 565
57 812
57 926
58 68
58 104
58 344
58 375
58 402
58 406
58 463
58 530
58 544
58 553
58 558
58 875
59 348
59 792
59 801
59 913
59 965
60 98
60 258
60 280
60 326
60 459
60 528
60 548
60 732
60 823
60 902
60 984
61 95
61 129
61 411
61 429
61 560
61 867
61 883
61 923
61 999
62 74
62 211
62 241
62 250
62 297
62 366
62 374
62 383
62 488
62 545
62 630
62 712
62 883
63 273
63 289
63 355
63 501
63 566
63 602
63 664
63 958
64 108
64 287
64 331
64 472
64 623
64 882
64 935
65 76
65 80
65 162
65 451
65 538
65 661
65 736
65 782
65 859
65 917
66 255
66 298
66 472
66 643
66 758
67 222
67 276
67 349
67 353
67 362
67 583
67 597
67 605
67 606
67 980
68 165
68 430
68 609
68 619
68 675
68 738
68 789
68 840
68 844
68 845
68 855
68 881
68 922
69 254
69 552
69 631
69 658
69 671
69 741
69 894
69 951
69 952
69 967
70 87
70 403
70 644
70 657
70 707
70 893
70 968
71 85
71 124
71 186
71 561
71 780
71 896
71 901
71 906
71 929
71 968
72 349
72 358
72 396
72 474
72 480
72 561
72 728
72 774
72 788
72 825
72 894
72 987
73 87
73 155
73 179
73 382
73 397
73 524
73 672
73 704
73 777
73 790
73 814
73 921
74 305
74 352
74 511
74 609
74 648
74 934
75 102
75 201
75 410
75 503
75 573
75 652
75 668
75 776
75 848
75 904
75 962
76 151
76 170
76 208
76 335
76 348
76 483
76 605
76 686
76 748
76 756
76 912
76 941
77 188
77 372
77 587
77 685
77 718
77 777
78 372
78 893
78 901
79 102
79 417
79 693
79 835
79 958
80 321
80 396
80 417
80 718
80 819
80 842
80 898
80 972
81 117
81 160
81 257
81 330
81 420
81 433
81 473
81 625
81 732
81 921
82 216
82 252
82 330
82 442
82 443
82 498
82 504
82 514
82 522
82 562
82 588
82 673
82 698
83 188
83 234
83 297
83 303
83 348
83 350
83 414
83 450
83 496
83 501
83 548
83 566
83 660
83 664
83 778
84 121
84 141
84 185
84 227
84 490
85 111
85 121
85 162
85 176
85 184
85 391
85 498
85 643
85 663
85 713
85 810
85 874
85 963
85 983
86 232
86 246
86 320
86 384
86 438
86 740
86 751
86 798
86 969
87 275
87 424
87 512
87 630
87 741
87 894
87 911
88 92
88 103
88 105
88 211
88 217
88 360
88 547
88 636
88 727
88 728
88 927
88 979
89 190
89 194
89 426
89 602
89 736
89 953
90 166
90 228
90 448
90 491
90 558
90 583
90 636
90 708
90 736
90 770
90 772
90 983
91 99
91 156
91 317
91 387
91 439
91 600
91 650
91 892
92 116
92 149
92 174
92 208
92 250
92 320
92 405
92 653
92 665
92 682
92 725
92 794
92 934
92 988
93 176
93 225
93 227
93 229
93 444
93 472
93 484
93 511
93 559
93 573
93 613
93 881
93 959
93 974
94 267
94 281
94 290
94 426
94 773
94 795
94 872
95 133
95 236
95 285
95 330
95 568
95 597
95 627
95 766
95 877
95 897
96 161
96 193
96 308
96 449
96 499
96 579
96 663
96 722
96 744
96 861
96 987
97 205
97 274
97 359
97 467
97 987
98 241
98 338
98 347
98 575
98 594
98 646
98 721
98 783
98 849
98 890
99 101
99 218
99 498
99 570
99 589
99 594
99 632
99 848
99 864
99 874
100 137
100 332
100 338
100 471
100 531
100 616
100 707
100 803
100 963
100 971
100 979
101 134
101 149
101 345
101 623
101 685
101 805
101 841
102 106
102 248
102 338
102 410
102 425
102 446
102 481
102 692
102 853
102 864
102 972
103 147
103 277
103 322
103 446
103 453
103 478
103 532
103 776
103 965
104 113
104 143
104 225
104 349
104 399
104 470
104 506
104 737
104 847
104 934
105 148
105 198
105 205
105 365
105 644
105 670
105 830
105 875
105 878
105 927
105 979
105 992
106 113
106 250
106 387
106 419
106 477
106 539
106 734
106 975
107 130
107 204
107 205
107 261
107 279
107 385
107 459
107 547
107 634
107 637
107 652
107 787
107 865
107 885
107 956
108 124
108 176
108 192
108 235
108 316
108 319
108 321
108 324
108 373
108 429
108 460
108 581
108 643
108 721
108 827
108 836
108 837
108 851
109 170
109 180
109 263
109 338
109 355
109 392
109 457
109 500
109 923
109 944
110 120
110 214
110 413
110 498
110 666
110 689
110 722
110 905
111 142
111 182
111 204
111 289
111 348
111 364
111 400
111 492
111 581
111 592
111 602
111 891
111 956
112 192
112 561
112 577
112 606
112 650
112 808
112 825
112 871
112 993
113 229
113 523
113 535
113 773
113 952
114 146
114 185
114 186
114 284
114 296
114 435
114 438
114 543
114 619
114 623
114 791
114 863
114 897
115 363
115 424
115 494
115 685
115 723
115 789
116 687
116 887
117 163
117 198
117 308
117 343
117 491
117 510
117 530
117 546
117 570
117 761
117 770
117 927
117 957
118 275
118 367
118 369
118 397
118 425
118 515
118 576
118 634
118 691
118 784
119 363
119 580
119 651
119 819
119 863
120 147
120 264
120 344
120 383
120 446
120 447
120 456
120 510
120 535
120 599
120 653
120 777
120 888
121 227
121 485
121 820
121 821
121 898
122 200
122 355
122 386
122 447
122 465
122 474
122 536
122 625
122 947
123 146
123 159
123 175
123 414
123 562
123 738
123 817
123 840
123 925
124 239
124 277
124 545
124 547
124 749
124 943
125 283
125 342
125 386
125 394
125 518
125 700
125 819
125 820
125 834
125 861
125 900
125 944
126 145
126 547
126 676
126 682
126 724
126 743
127 132
127 144
127 279
127 383
127 553
127 557
127 835
127 895
127 911
127 947
127 981
127 999
128 253
128 440
128 633
128 650
128 689
128 692
128 735
128 867
128 878
128 958
129 196
129 339
129 348
129 352
129 389
129 541
129 973
130 148
130 298
130 622
130 676
130 819
130 846
130 944
131 136
131 193
131 360
132 208
132 371
132 391
132 539
132 623
132 635
132 691
132 873
132 938
132 942
133 252
133 274
133 328
133 422
133 745
133 792
133 899
133 939
134 155
134 212
134 287
134 308
134 327
134 422
134 431
134 573
134 609
134 670
134 979
135 310
135 385
135 405
135 551
135 721
135 724
136 141
136 214
136 383
136 385
136 387
136 446
136 564
136 583
136 641
136 705
136 792
137 218
137 333
137 335
137 417
137 687
137 717
137 947
137 960
138 195
138 326
138 366
138 629
138 631
138 803
138 921
139 448
139 578
139 591
139 607
139 657
139 823
139 953
139 962
140 193
140 223
140 448
140 452
140 573
140 818
140 845
141 162
141 246
141 275
141 654
141 755
141 776
141 814
142 222
142 281
142 502
142 505
142 802
142 957
142 968
143 198
143 271
143 337
143 381
143 435
143 568
143 686
143 776
143 853
143 898
144 160
144 246
144 257
144 350
144 404
144 407
144 433
144 504
144 562
144 776
144 820
144 833
144 856
144 957
145 328
145 406
145 725
145 786
145 921
146 445
146 648
146 728
146 863
146 968
147 380
147 414
147 415
147 527
147 679
147 685
147 773
147 851
147 937
147 942
147 998
148 172
148 210
148 239
148 316
148 587
148 605
148 690
148 746
148 891
148 896
148 960
149 495
149 502
149 534
149 577
150 190
150 249
150 478
150 534
150 580
150 791
150 822
150 875
150 899
151 241
151 281
151 351
151 380
151 389
151 459
151 493
151 577
151 708
151 744
151 862
151 911
151 928
151 951
152 171
152 174
152 194
152 429
152 474
152 505
152 536
152 557
152 664
152 681
152 777
152 841
152 854
152 865
152 902
153 401
153 459
153 640
153 699
153 759
153 781
153 895
153 898
153 981
154 422
154 518
154 605
154 621
154 675
154 908
154 997
155 428
155 525
155 648
155 672
155 686
155 762
155 787
155 930
155 966
155 992
156 268
156 480
156 505
156 585
156 621
156 708
156 760
156 804
156 892
156 984
157 387
157 508
157 568
157 624
157 646
157 748
157 752
157 999
158 562
158 585
158 629
158 642
158 694
158 781
158 869
159 348
159 363
159 409
159 537
159 561
159 623
159 688
159 714
159 952
160 294
160 506
160 645
160 739
161 357
161 458
161 708
161 783
161 801
161 907
162 188
162 262
162 326
162 336
162 468
162 590
162 772
162 782
162 957
163 305
163 366
163 495
163 591
163 630
164 208
164 259
164 417
164 432
164 474
164 503
164 519
164 712
164 722
164 871
164 938
164 993
165 258
165 279
165 298
165 610
165 995
166 180
166 334
166 375
166 442
166 553
166 572
166 582
166 908
167 191
167 244
167 435
167 673
167 883
167 888
167 902
167 963
168 349
168 439
168 549
168 594
168 609
168 633
168 764
168 808
168 968
169 279
169 426
170 302
170 411
170 497
170 550
170 727
170 819
170 823
170 958
170 964
171 202
171 224
171 490
171 572
171 745
171 888
171 932
171 935
171 981
172 279
172 359
172 573
172 653
172 795
172 815
172 864
172 899
172 911
172 964
173 200
173 254
173 528
174 322
174 363
174 476
174 488
174 514
174 618
174 815
174 853
175 270
175 453
175 466
175 751
175 769
175 785
175 827
175 855
175 882
175 911
175 949
176 457
176 498
176 500
176 614
176 650
176 767
176 811
176 936
176 947
177 190
177 239
177 351
177 424
177 447
177 874
177 913
177 943
178 354
178 423
178 475
178 508
178 557
178 929
179 262
179 270
179 318
179 648
179 694
179 712
179 751
179 911
180 208
180 402
180 469
180 531
180 795
180 849
180 892
180 951
180 985
181 286
181 328
181 583
181 643
181 694
181 731
181 825
181 956
182 269
182 352
182 357
182 365
182 667
182 733
182 787
182 877
182 929
182 942
182 995
183 486
183 506
183 585
183 612
183 702
183 815
184 355
184 671
184 772
184 924
185 211
185 292
185 430
185 539
185 673
185 770
185 790
185 887
185 990
186 275
186 453
186 548
186 797
186 871
186 877
187 362
187 367
187 479
187 532
187 533
187 546
187 650
187 818
187 847
187 889
187 943
187 971
188 196
188 392
188 577
188 738
188 764
188 818
189 250
189 532
189 566
189 674
190 402
190 425
190 704
190 770
190 903
191 243
191 250
191 319
191 354
191 474
191 519
191 525
191 567
191 811
191 923
192 255
192 274
192 289
192 316
192 321
192 415
192 426
192 483
192 516
192 560
192 821
192 836
192 841
192 907
192 931
192 934
192 963
193 278
193 480
193 509
193 744
193 839
193 906
193 982
193 987
194 381
194 405
194 433
194 473
194 491
194 514
194 715
194 791
194 822
195 622
195 801
196 326
196 730
196 734
196 743
196 755
196 812
196 940
196 978
197 206
197 463
197 493
197 824
197 945
197 954
198 340
198 475
198 565
198 591
198 699
198 701
198 749
198 857
199 233
199 268
199 817
199 847
199 916
200 350
200 442
200 458
200 540
200 803
200 859
200 883
200 939
201 241
201 312
201 461
201 848
202 203
202 212
202 615
202 685
202 808
202 812
202 874
202 981
203 434
203 488
203 754
203 921
203 943
204 390
204 549
204 676
204 692
204 886
204 945
205 281
205 357
205 598
205 749
205 793
205 802
205 848
205 964
206 208
206 317
206 490
206 576
206 628
206 705
206 709
206 944
206 951
207 269
207 345
207 656
207 761
207 776
207 779
207 783
207 813
207 884
208 217
208 244
208 566
208 780
208 850
208 880
208 927
209 347
209 616
209 778
209 849
210 278
210 426
210 439
210 482
210 536
210 551
210 561
210 763
210 875
210 930
210 931
211 462
211 628
211 889
212 282
212 324
212 453
212 649
212 725
212 743
212 895
213 290
213 310
213 330
213 400
213 620
213 670
213 892
214 244
214 284
214 299
214 597
214 682
214 708
214 990
215 229
215 234
215 307
215 312
215 474
215 693
215 790
215 880
215 883
216 430
216 465
216 487
216 559
216 653
216 686
216 695
216 711
216 727
216 784
216 860
216 951
217 259
217 335
217 425
217 500
217 689
217 823
217 896
217 993
218 521
218 526
218 642
218 661
218 739
218 799
218 868
218 956
219 232
219 361
219 443
219 493
219 705
219 869
219 873
220 410
220 482
220 551
220 566
220 587
220 608
220 741
220 767
220 774
220 875
220 927
221 345
221 365
221 479
221 625
221 638
221 918
221 950
222 585
222 742
222 805
222 848
222 951
223 245
223 268
223 370
223 590
223 624
223 685
223 825
223 975
223 986
224 351
224 425
224 582
224 622
224 677
224 728
225 393
225 535
225 628
225 776
226 303
226 343
226 368
226 374
226 427
226 459
226 505
226 537
226 608
226 757
226 792
226 856
227 326
227 331
227 383
227 463
227 502
227 525
227 665
227 718
227 902
227 913
228 277
228 283
228 370
228 448
228 540
228 605
228 665
229 316
229 501
229 516
229 574
229 749
229 811
229 974
230 333
230 545
230 735
230 866
230 904
230 961
231 520
231 567
231 615
232 260
232 401
232 451
232 458
232 483
232 541
232 722
232 769
232 844
232 930
233 289
233 457
233 534
233 787
233 904
234 272
234 408
234 455
234 588
234 904
234 945
234 963
235 417
235 485
235 513
235 747
235 807
235 836
235 896
235 903
235 933
235 936
236 255
236 317
236 367
236 434
236 599
236 807
236 874
237 357
237 447
237 919
237 920
237 947
237 985
238 280
238 426
238 521
238 730
238 769
238 933
238 948
238 984
239 267
239 314
239 361
239 627
239 804
240 252
240 323
240 766
240 818
240 829
240 894
240 927
240 941
241 245
241 537
241 587
241 863
241 864
241 916
241 999
242 267
242 309
242 516
242 619
242 651
242 727
242 764
243 384
243 510
243 606
243 697
243 749
243 817
243 870
243 904
243 912
244 282
244 289
244 475
244 719
244 924
245 463
245 481
245 765
245 766
245 898
246 402
246 404
246 442
246 541
246 562
246 675
246 914
246 932
247 434
247 486
247 704
247 872
247 968
248 256
248 275
248 527
248 597
248 629
248 687
248 787
248 810
248 934
249 297
249 458
249 469
249 697
249 709
249 753
249 772
249 820
249 876
249 956
250 286
250 364
250 373
250 788
250 873
250 879
250 881
250 972
250 987
251 349
251 496
251 503
251 648
251 687
251 692
251 749
251 776
251 815
252 308
252 451
252 468
252 516
252 577
252 602
252 685
253 307
253 546
253 638
253 740
253 919
253 999
254 279
254 305
254 365
254 468
254 530
254 757
254 775
254 782
254 792
255 273
255 424
256 311
256 327
256 411
256 452
256 481
256 491
256 515
256 760
256 926
257 410
257 485
257 585
257 652
258 273
258 331
258 451
258 776
259 370
259 455
259 464
259 545
259 601
259 608
259 642
259 658
259 686
259 753
259 868
259 882
260 679
260 694
260 812
260 835
261 308
261 424
261 558
261 667
261 936
262 421
262 478
262 539
262 580
262 600
262 896
263 312
263 394
263 473
263 485
263 571
263 573
263 610
263 648
263 688
263 773
263 943
264 387
264 507
264 599
264 616
264 626
264 656
264 697
264 791
264 804
264 865
265 436
265 515
265 575
265 596
265 680
265 758
265 801
265 925
265 930
265 988
266 287
266 360
266 420
266 421
266 543
266 681
266 798
267 338
267 347
267 411
267 430
267 454
268 310
268 342
268 352
268 439
268 461
268 631
268 677
268 906
268 910
268 915
268 978
269 451
269 456
269 478
269 660
269 794
270 303
270 663
270 735
270 742
270 777
270 810
270 816
270 890
271 388
271 423
271 425
271 454
271 509
271 534
271 560
271 625
271 651
271 779
271 881
271 904
272 295
272 300
272 407
272 566
272 766
272 847
272 943
272 957
273 402
273 421
273 424
273 456
273 591
273 717
273 783
273 958
273 985
274 389
274 567
274 593
274 627
274 666
274 863
274 929
274 964
275 282
275 365
275 420
275 521
275 570
275 742
275 794
275 846
275 916
275 976
276 330
276 333
276 407
276 428
276 483
276 511
276 543
276 683
276 852
276 891
276 916
276 929
277 309
277 315
277 317
277 364
277 367
277 473
277 482
277 495
277 705
277 745
277 844
277 890
277 931
277 956
277 992
278 348
278 438
278 845
278 872
279 280
279 282
279 408
279 439
279 448
279 633
279 656
279 729
279 833
279 874
280 287
280 461
280 519
280 560
280 580
280 607
280 794
280 825
280 959
281 294
281 319
281 336
281 460
281 849
281 872
281 903
281 947
282 374
282 435
282 655
282 725
282 737
282 871
282 895
282 897
282 951
283 310
283 460
283 507
283 577
283 644
283 686
283 703
283 908
283 939
284 527
284 873
284 879
284 885
285 360
285 461
285 495
285 499
285 745
285 771
285 818
285 824
285 842
285 960
286 402
286 406
286 445
286 526
286 604
286 626
286 776
286 913
286 923
287 318
287 460
287 512
287 570
287 597
287 710
287 717
287 904
287 911
287 936
287 971
287 985
288 298
288 803
288 824
288 874
288 944
288 977
289 371
289 591
289 673
290 330
290 332
290 565
290 584
290 588
290 669
291 300
291 388
291 447
291 599
291 601
291 705
291 726
291 819
291 968
292 408
292 553
292 693
292 700
292 739
292 954
292 998
293 370
293 386
293 535
293 572
293 618
293 650
293 699
293 736
293 743
293 837
293 878
293 918
293 972
294 413
294 542
294 549
294 556
294 612
294 844
294 924
294 944
294 961
295 485
295 618
295 918
296 394
296 555
296 576
296 589
296 613
296 693
296 739
296 789
297 470
297 771
297 804
297 918
297 961
298 404
298 416
298 421
298 476
298 540
298 550
298 589
298 693
298 804
298 807
298 827
298 852
298 859
298 867
299 349
299 398
299 496
299 550
299 584
299 633
299 695
299 958
300 485
300 742
300 745
301 367
301 378
301 431
301 629
301 823
301 833
301 883
301 980
301 993
302 313
302 387
302 480
302 516
302 656
302 765
302 770
302 815
302 891
302 994
303 348
303 377
303 400
303 493
303 553
303 629
303 721
303 741
303 881
303 982
304 335
304 342
304 446
304 497
304 568
304 657
304 687
304 722
304 844
304 986
305 355
305 378
305 401
305 413
305 454
305 641
305 678
305 722
305 769
305 915
306 316
306 400
306 430
306 719
306 841
306 867
307 513
307 553
307 672
307 740
307 787
307 807
307 856
308 499
308 570
308 636
308 640
308 730
308 883
308 891
309 370
309 495
309 727
310 378
310 384
310 402
310 408
310 495
310 509
310 603
310 855
311 472
311 495
311 721
311 775
311 890
311 908
311 929
312 345
312 384
312 392
312 535
312 557
312 668
312 825
312 877
313 371
313 496
313 647
313 677
313 799
313 814
313 823
313 847
313 908
314 380
314 537
314 585
314 764
314 843
314 975
315 717
315 929
316 426
316 690
316 756
316 822
316 872
316 875
316 878
316 997
317 321
317 513
317 542
317 791
317 864
317 878
318 496
318 634
318 656
318 732
318 811
319 422
319 726
319 729
319 941
319 951
319 973
319 984
320 356
320 420
320 594
320 707
320 787
321 388
321 396
321 488
321 579
321 585
321 854
321 939
321 983
322 357
322 477
322 514
322 603
322 705
322 758
322 842
322 903
322 986
322 989
323 324
323 588
323 648
323 753
323 870
323 991
324 326
324 338
324 352
324 492
324 635
324 682
324 758
324 801
324 968
324 995
325 406
325 434
325 445
325 476
325 589
325 791
325 814
325 837
325 983
326 340
326 389
326 426
326 545
326 694
326 766
326 962
327 545
327 625
327 736
327 832
327 953
327 955
328 417
328 631
328 831
329 562
329 658
329 972
329 980
329 992
330 468
330 591
330 605
330 683
330 746
330 787
330 880
331 344
331 382
331 576
331 627
331 674
331 736
331 748
331 848
331 969
331 973
332 339
332 369
332 454
332 606
332 702
332 732
333 342
333 465
333 494
333 542
333 672
333 739
333 756
333 850
333 921
333 997
334 342
334 742
334 749
334 786
334 791
335 383
335 573
335 578
335 721
335 890
336 509
336 535
336 543
336 549
336 758
336 899
336 968
337 406
337 496
337 578
337 602
337 736
337 844
337 856
337 891
337 977
337 986
338 622
338 838
338 881
339 378
339 435
339 524
339 689
339 817
339 821
339 836
339 905
340 404
340 672
340 758
340 827
340 831
341 401
341 626
341 673
341 678
341 790
341 806
341 858
342 448
342 571
342 608
342 642
342 736
343 386
343 536
343 574
343 635
343 669
343 727
343 787
343 852
343 878
343 947
343 974
343 984
344 397
344 412
344 488
344 520
344 832
344 856
344 867
344 969
345 555
345 565
345 580
345 581
345 665
345 678
345 706
345 960
345 983
346 348
346 365
346 596
346 719
346 753
346 805
347 433
347 472
347 507
347 721
347 767
347 921
347 932
348 432
348 455
348 573
348 820
349 354
349 431
349 504
349 580
349 625
349 794
349 801
349 929
349 991
350 382
350 388
350 395
350 444
350 605
350 748
350 856
350 888
350 977
351 370
351 396
351 460
351 551
352 887
352 948
352 992
353 513
353 684
353 796
353 867
353 872
353 945
354 640
354 958
354 970
355 417
355 654
355 724
355 966
356 390
356 474
356 476
356 550
356 552
356 639
356 642
356 687
357 365
357 431
357 471
357 488
357 597
357 637
357 710
357 838
357 964
358 714
358 775
358 776
358 792
359 513
359 519
359 561
359 591
359 639
359 773
359 938
359 952
359 981
360 460
360 549
360 574
360 920
360 955
360 958
361 567
361 844
361 885
361 951
362 367
362 430
362 490
362 677
362 786
363 757
363 796
363 889
364 385
364 502
364 515
364 657
364 704
364 720
364 871
364 929
364 967
365 645
365 705
365 754
366 435
366 508
366 592
366 598
366 797
366 815
366 832
366 839
366 872
367 431
367 444
367 486
367 491
367 492
367 669
367 954
368 453
368 459
368 496
368 598
368 634
368 682
368 874
368 922
369 402
369 580
369 871
369 955
370 484
370 683
370 750
370 929
370 958
370 997
371 478
371 555
371 600
371 657
371 708
371 900
371 946
371 974
372 517
372 534
372 607
372 668
372 679
372 695
372 704
372 809
372 914
373 409
373 696
373 841
373 970
373 978
374 413
374 653
374 720
374 721
374 727
374 811
374 931
375 515
375 555
375 574
375 646
375 678
375 788
376 673
376 708
376 825
376 963
377 408
377 823
377 870
377 922
378 537
378 723
378 857
378 972
378 989
379 439
379 571
379 613
379 875
379 931
379 939
379 983
380 476
380 604
380 605
380 697
380 853
380 871
380 998
381 434
381 453
381 575
381 659
381 670
381 704
381 756
381 807
382 452
382 518
382 590
382 692
382 737
382 773
382 981
383 459
383 717
383 742
383 907
383 939
383 993
384 498
384 510
384 776
384 792
384 838
384 843
385 645
385 777
385 794
385 885
385 981
386 601
386 681
386 749
386 973
387 472
387 720
387 737
387 816
387 870
388 524
388 559
388 657
388 663
388 690
389 427
389 461
389 516
389 537
389 562
389 823
389 840
389 996
390 488
390 491
390 658
390 665
390 977
390 999
391 402
391 573
391 626
391 858
391 925
391 952
392 620
392 656
392 750
392 762
393 424
393 467
393 526
393 531
393 629
393 744
393 801
394 559
394 676
394 767
394 799
394 892
394 908
394 952
395 419
395 483
395 507
395 676
395 894
396 585
396 586
396 655
396 727
397 401
397 464
397 499
397 602
397 645
397 758
397 787
397 788
398 502
398 533
398 569
398 713
398 839
398 905
398 944
399 646
399 825
399 888
400 459
400 540
400 678
400 725
400 879
400 905
400 912
400 922
401 433
401 477
401 616
401 711
401 776
402 540
402 662
402 693
402 784
403 407
403 425
403 460
403 636
403 677
403 701
403 822
403 975
403 994
404 435
404 457
404 470
404 661
404 752
404 803
404 984
404 992
405 548
405 656
405 914
405 917
405 927
405 942
406 606
406 716
406 755
406 855
406 902
406 968
407 984
408 521
408 552
408 553
408 579
408 588
408 671
408 833
408 845
408 850
408 946
408 999
409 412
409 529
409 646
409 658
409 827
410 637
410 907
410 980
411 458
411 489
411 715
411 770
411 845
412 452
412 489
412 597
412 683
412 864
413 533
413 811
413 939
413 943
413 948
414 518
414 532
414 575
414 653
414 713
414 737
414 775
414 785
414 941
414 957
414 961
414 983
415 436
415 455
415 530
415 538
415 885
415 894
416 463
416 479
416 578
416 629
416 911
416 981
417 772
417 774
417 833
418 741
418 776
418 852
418 870
418 987
419 666
419 935
420 497
420 522
420 583
420 950
421 484
421 558
421 582
421 683
421 779
421 845
421 899
422 442
422 487
422 510
422 798
422 815
422 857
422 863
422 871
422 951
422 988
423 580
423 593
423 731
423 765
423 777
423 796
423 892
424 484
424 501
424 587
424 677
424 713
424 856
424 896
425 451
425 463
425 471
425 626
425 639
425 878
425 991
426 458
426 539
426 580
426 585
426 681
426 791
427 444
427 447
427 476
427 598
427 677
427 831
427 870
427 937
427 992
428 468
428 486
428 533
428 541
428 754
428 820
428 852
428 935
428 974
428 980
428 993
429 570
429 667
429 735
429 912
429 931
430 436
430 535
430 585
430 590
430 658
430 689
430 732
430 807
430 844
430 981
431 446
431 704
431 932
432 498
432 558
432 591
432 739
432 802
432 880
432 951
432 988
433 674
434 437
434 548
434 695
435 445
435 754
435 864
435 938
436 529
436 556
436 557
436 671
436 856
436 965
437 444
437 509
437 661
437 696
437 858
437 926
437 971
438 534
438 978
439 535
439 539
439 739
439 756
439 781
439 797
440 614
440 766
440 912
441 658
441 755
441 820
441 854
442 525
442 576
442 610
442 626
442 671
442 684
442 871
442 901
442 997
443 517
443 535
443 592
443 720
443 722
444 457
444 461
444 604
444 613
444 720
444 738
444 937
445 770
445 796
445 856
445 877
445 896
445 947
445 981
446 557
446 718
446 923
447 529
447 571
447 577
447 669
447 909
448 459
448 507
448 730
448 738
448 787
448 858
450 785
450 788
450 861
450 890
451 668
451 747
452 497
452 565
452 632
452 730
452 763
453 476
453 631
453 636
453 687
453 728
453 955
454 482
454 526
454 565
454 937
454 944
454 995
455 484
455 579
455 739
455 757
455 758
455 806
455 894
456 510
456 668
456 679
456 691
456 718
456 880
457 483
457 577
457 651
457 713
457 761
457 877
457 931
457 934
458 548
458 702
458 786
458 832
458 919
459 612
459 787
460 564
460 626
460 672
461 468
461 638
461 689
461 692
461 716
461 871
462 509
462 559
462 575
462 732
462 868
462 925
463 486
464 586
464 886
464 894
464 965
465 522
465 712
465 728
466 546
466 570
466 608
466 741
466 759
466 899
466 916
466 985
467 550
467 646
467 665
467 688
467 809
468 495
468 501
468 656
468 710
468 749
468 871
469 497
469 537
469 618
469 680
469 701
469 736
469 904
470 477
470 479
470 493
470 508
470 795
470 919
471 505
471 506
471 580
471 663
471 782
471 833
472 655
472 673
472 767
472 822
472 868
472 872
472 875
472 888
472 976
472 989
473 480
473 512
473 555
473 588
473 661
473 764
473 765
473 851
473 927
474 503
474 546
474 566
474 623
474 674
475 661
475 674
475 779
475 841
475 866
476 579
476 593
476 667
476 956
477 491
477 539
477 608
477 721
477 762
477 936
477 971
478 679
479 689
480 590
480 617
480 676
480 716
480 733
480 799
480 978
481 610
481 636
481 653
481 711
481 797
481 853
481 910
481 949
481 971
481 972
482 530
482 536
482 606
482 636
482 654
482 984
483 733
483 744
483 787
483 881
484 536
484 540
484 563
484 570
484 660
484 678
484 744
484 857
484 858
484 942
484 948
485 519
485 880
485 884
485 901
485 950
486 665
486 744
486 820
486 972
487 493
487 576
488 553
488 580
488 713
488 885
488 958
489 501
489 506
489 811
490 496
490 740
490 775
490 843
491 563
491 644
491 650
491 676
491 733
491 868
491 935
492 583
492 738
492 885
492 956
492 994
493 723
493 856
494 526
494 688
494 702
494 914
494 948
495 563
495 970
496 686
496 937
497 635
497 641
497 804
497 817
497 901
498 837
498 865
498 962
499 551
499 723
499 755
499 778
499 819
499 841
499 916
500 565
500 693
500 749
500 779
500 877
500 962
501 636
501 768
501 940
502 840
502 887
503 512
503 583
503 930
504 526
504 809
504 912
504 917
505 587
505 913
505 998
506 565
506 835
507 530
507 543
507 705
507 837
507 866
508 543
508 556
508 706
508 716
508 743
508 782
508 962
509 719
509 969
509 997
510 625
510 810
510 981
510 982
511 644
511 678
511 861
511 969
512 570
512 695
512 854
512 936
512 966
513 728
513 818
513 856
514 578
514 819
514 900
514 912
515 619
515 701
515 853
516 615
516 804
516 845
516 899
516 900
516 946
517 917
518 880
518 901
519 545
519 698
519 707
519 757
519 774
519 910
519 953
520 625
520 632
520 742
520 996
521 536
521 585
521 590
522 594
522 656
522 727
522 775
522 805
522 817
522 975
523 966
524 525
524 684
524 823
525 552
525 811
525 921
525 981
526 765
526 816
526 859
526 920
527 748
527 761
527 995
528 609
528 730
528 762
528 768
528 782
529 580
529 761
529 964
529 993
530 647
530 765
530 795
530 941
530 995
531 578
531 894
531 924
532 626
533 574
533 588
533 594
533 618
533 627
533 630
533 931
533 987
534 548
534 551
534 818
534 844
534 852
535 643
535 664
535 735
535 940
535 975
536 638
536 789
536 917
537 566
537 618
537 666
537 762
537 840
538 546
538 677
538 695
538 826
538 903
538 975
539 622
539 767
539 792
539 887
540 575
540 604
540 692
540 783
540 857
541 601
541 689
541 724
541 787
541 870
541 975
542 594
542 700
542 712
542 807
543 554
543 568
543 693
543 776
543 840
543 949
543 994
544 798
544 911
544 972
545 590
545 633
545 686
545 713
545 732
545 814
546 560
546 575
546 639
546 824
547 687
547 726
547 786
547 797
547 882
548 607
548 839
548 903
548 935
548 940
548 971
549 621
549 634
549 798
550 615
550 784
551 630
551 643
551 649
551 732
551 774
551 782
551 871
551 926
551 993
552 616
552 914
552 925
554 667
554 679
554 792
555 626
555 631
555 670
555 678
556 779
556 799
556 808
556 907
556 942
556 945
557 621
557 810
557 938
558 646
558 744
558 808
558 840
558 879
558 884
559 639
559 810
559 924
560 738
560 829
560 972
561 611
561 616
561 623
561 818
561 839
561 920
561 951
562 622
562 680
562 721
562 891
562 933
563 895
563 957
564 623
564 717
564 725
564 739
564 891
565 620
565 690
565 773
565 906
566 633
566 699
566 880
567 692
567 813
568 602
568 732
568 751
568 918
569 630
569 754
569 809
569 822
569 962
570 571
570 658
570 724
570 735
570 877
571 696
571 713
571 730
571 753
571 863
571 892
572 678
572 761
572 871
573 621
573 933
574 713
574 724
574 821
574 875
575 777
575 838
575 878
575 879
575 965
575 984
576 653
576 880
576 918
576 977
577 663
577 773
577 774
577 807
577 923
577 932
577 986
577 994
579 652
579 723
579 972
580 772
580 840
580 903
581 597
581 644
581 743
581 966
582 627
582 687
582 756
582 803
582 843
582 929
582 960
583 791
583 813
583 900
583 914
583 933
584 660
584 706
584 710
584 715
584 755
584 984
585 629
585 682
585 872
585 890
585 964
586 634
586 762
586 779
586 929
586 947
587 707
587 958
587 969
587 973
588 654
588 800
588 815
588 932
588 945
589 635
590 740
590 867
590 903
590 964
590 978
591 711
591 738
591 861
591 970
591 980
592 660
592 830
592 831
592 863
592 924
592 955
592 996
593 632
593 699
593 985
593 994
594 624
594 700
594 804
594 805
594 868
594 944
595 654
595 746
595 961
596 811
596 841
596 853
596 966
596 977
597 654
597 682
597 695
597 720
597 734
597 735
597 770
598 638
598 692
598 704
598 744
598 782
598 943
599 699
599 733
599 844
599 861
599 941
599 962
599 964
599 992
600 639
600 673
600 682
600 965
600 996
601 631
602 633
602 769
602 881
602 896
602 944
603 630
603 767
603 860
603 899
603 916
603 985
604 681
604 767
604 802
604 884
604 906
604 980
605 645
605 724
605 905
606 621
606 684
606 727
606 754
606 784
606 948
607 891
608 702
608 782
608 803
608 942
609 704
609 795
609 981
610 816
610 864
610 883
611 618
611 628
611 697
611 747
611 893
611 912
612 871
612 922
613 684
613 787
613 829
613 851
614 668
614 677
614 680
614 687
614 728
614 899
614 953
615 741
615 841
615 871
615 948
616 639
616 816
616 866
616 939
617 675
617 681
617 781
617 965
618 632
618 676
618 772
618 911
619 744
620 658
620 666
620 734
620 837
620 851
620 866
620 911
620 952
621 683
621 776
622 652
622 696
622 697
622 737
622 852
622 940
622 957
623 742
623 934
624 696
624 815
624 950
624 993
625 700
625 817
625 850
625 878
626 927
626 989
627 738
627 845
627 885
628 666
628 686
628 837
628 942
629 662
629 927
629 965
630 834
630 885
630 954
630 999
631 637
633 662
633 914
633 932
634 777
634 944
634 986
635 708
635 852
636 709
636 739
636 971
637 671
637 690
637 824
638 661
638 743
638 926
638 995
639 694
639 808
640 661
640 693
640 977
641 683
641 713
641 868
641 976
641 987
642 697
642 756
642 803
642 936
642 981
644 829
644 858
644 887
644 952
645 723
645 834
645 872
645 877
646 817
646 848
647 696
647 799
648 701
648 818
648 865
648 974
649 669
649 746
649 829
649 881
649 919
650 706
650 889
650 933
650 959
650 975
651 674
651 755
651 787
651 846
651 864
653 784
653 824
653 922
654 665
654 690
654 786
654 975
655 732
656 764
656 782
656 796
656 812
657 737
657 966
658 734
658 747
658 865
658 951
659 680
659 707
659 717
659 860
659 937
659 981
660 661
660 688
660 704
660 791
661 675
661 859
661 869
661 977
661 992
662 689
662 773
662 806
663 784
663 840
664 700
664 812
664 887
665 885
665 918
665 954
665 972
666 697
666 698
666 719
666 790
666 853
666 855
666 857
666 891
666 899
666 915
666 926
666 928
666 930
667 683
667 722
667 837
667 867
667 879
667 923
668 747
668 850
669 754
669 779
669 797
670 736
670 744
670 853
670 967
670 968
671 697
671 818
671 827
671 928
671 931
671 961
672 889
672 950
672 988
673 772
673 985
674 893
674 934
675 815
676 886
676 894
676 956
676 973
677 707
677 808
677 990
678 791
678 846
678 849
678 992
679 899
679 962
680 868
681 714
681 718
681 790
682 742
682 865
683 829
683 853
683 930
684 845
684 846
684 872
685 695
685 762
685 864
686 718
686 879
686 918
686 953
688 732
688 787
688 857
688 978
690 703
690 799
690 947
692 830
692 838
692 914
693 724
693 780
693 945
694 763
694 788
694 894
694 971
694 973
695 703
695 743
695 937
696 773
696 793
697 741
697 758
697 861
697 894
699 858
699 871
699 900
699 949
699 964
700 843
700 894
701 756
701 772
701 899
702 780
703 954
704 717
704 745
704 946
705 845
705 896
706 715
706 776
706 871
706 901
708 712
708 853
708 873
708 903
708 953
708 985
709 716
709 764
709 814
709 826
709 860
709 882
709 927
709 980
710 789
710 857
711 768
711 806
711 813
711 993
712 892
713 772
713 853
713 898
713 908
713 965
713 978
714 778
714 888
715 815
715 957
716 742
716 998
717 789
717 939
718 817
719 930
719 937
719 976
720 730
720 789
720 904
720 906
721 732
721 811
721 835
721 933
721 948
722 742
722 804
723 738
723 833
723 841
723 919
723 926
723 981
725 778
725 892
725 936
725 961
726 825
726 852
727 796
727 827
727 918
728 742
728 885
729 795
729 844
729 882
729 960
730 794
730 901
731 750
731 838
731 852
731 995
732 863
733 851
733 863
733 902
734 800
734 836
736 829
736 847
736 909
738 803
738 836
738 966
740 836
740 930
740 978
741 780
741 876
742 847
742 951
743 838
743 944
743 997
745 862
746 808
746 844
746 944
747 913
748 770
748 867
749 784
749 824
749 866
749 918
751 804
752 777
752 935
752 969
753 768
753 845
753 852
753 878
753 896
753 941
753 981
754 866
754 985
755 889
755 929
756 771
756 826
757 915
758 852
759 995
762 891
762 953
763 895
763 913
763 985
764 820
765 776
765 789
766 849
766 995
767 821
767 841
767 853
767 873
767 878
767 888
767 891
768 871
769 796
769 972
770 921
771 792
771 824
771 926
772 774
772 806
773 824
773 885
774 935
774 970
776 882
776 964
777 898
778 808
778 887
779 815
779 835
779 839
779 897
779 919
779 950
780 819
780 848
780 986
781 802
781 819
781 861
781 872
781 940
782 796
782 869
783 865
783 906
783 962
784 846
785 825
786 877
786 909
787 818
787 857
787 959
788 897
789 828
790 817
791 834
791 858
791 862
791 868
791 913
791 936
792 962
792 990
793 876
793 972
793 975
794 986
795 796
795 884
796 868
797 878
797 891
798 847
798 974
799 911
800 945
800 957
801 891
801 892
802 857
802 859
802 892
802 964
802 975
802 985
804 844
805 964
807 877
807 952
808 836
808 858
808 904
808 955
809 901
809 989
810 951
811 826
811 862
811 874
811 881
811 949
811 965
812 821
813 866
814 851
814 911
814 963
814 993
815 832
815 922
815 969
816 869
816 952
817 834
817 966
817 976
818 879
818 916
818 918
818 943
819 922
819 929
819 974
819 999
820 923
820 944
821 920
822 834
823 830
824 842
824 898
824 950
825 879
825 943
826 862
827 839
827 964
828 875
829 836
830 979
832 971
833 843
833 875
833 907
833 943
833 949
835 899
835 996
836 863
836 895
836 982
837 914
837 942
838 933
838 934
839 960
839 979
839 991
840 905
840 995
841 891
841 939
841 953
841 970
842 896
843 962
844 868
845 903
846 894
846 970
847 902
847 975
847 996
848 879
848 953
849 887
849 936
849 945
851 871
851 885
854 907
854 970
855 901
857 895
857 924
858 948
858 960
859 930
859 943
859 990
860 869
861 908
863 959
864 969
865 954
865 994
868 900
868 923
868 945
868 963
869 943
869 993
870 933
871 933
871 960
874 950
874 964
875 952
875 987
876 977
877 891
877 922
878 907
879 905
879 931
880 889
881 895
882 883
883 940
883 949
883 965
884 886
884 887
884 939
884 972
886 924
887 902
887 922
888 899
891 975
892 911
894 939
894 997
895 907
895 951
895 959
895 967
895 974
899 951
901 964
901 970
902 935
903 932
904 907
904 965
905 909
905 916
906 971
909 948
910 962
911 998
914 957
916 960
918 949
918 955
919 923
920 921
921 992
922 983
923 931
923 932
923 960
923 999
924 927
925 996
925 997
927 950
927 976
928 939
930 933
931 983
933 943
934 951
936 975
936 991
938 966
942 983
942 995
944 947
944 962
947 959
947 999
950 986
953 977
959 965
959 970
965 984
966 971
966 991
974 990
986 989
